auprc = 0.9984972793665176
auroc = 0.9985935464934971
eval_loss = 0.2093827230821595
fn = 22
fp = 191
mcc = 0.9481544056755868
tn = 3847
tp = 4028
